{
    "test": {
        "rmse": 8182.211944121287,
        "mae": 4115.615722605584,
        "r2": 0.5010511460232813
    },
    "coef_0": 0.47689290515447413,
    "coef_1": -0.052502618660568455,
    "coef_2": 0.09048469116356007,
    "coef_3": 1.5704612924950578,
    "coef_4": 0.08935606276851236,
    "coef_5": 0.010817507270403016,
    "coef_6": -0.06727903947774067,
    "coef_7": -0.03289453056117481,
    "coef_8": -0.16847943584138422,
    "coef_9": 0.023445488044716252,
    "coef_10": 0.14503394779666842
}
